0.005422
0.005838
0.006317
0.00422
0.004922
0.005691
0.00395
0.007646
0.006441
0.004229
0.004846
0.006656
0.005293
0.006003
0.005993
0.00667
0.004782
0.005978
0.00704
0.006656
0.006761
0.005807
0.006907
0.006728
0.006601
0.007409
0.004151
0.004621
0.004257
0.00398
0.008415
0.004541
0.007384
0.007207
0.007753
0.007018
0.007866
0.008037
0.006462
0.008604
0.006535
0.006049
0.007263
0.00686
0.007449
0.007355
0.006931
0.007276
0.008191
0.006207
0.007234
0.007823
0.008039
0.007702
0.008086
0.006972
0.006065
0.008174
0.006723
0.007323
0.006671
0.007166
0.007452
0.008087
0.004733
0.007196
0.007922
0.007891
0.007363
0.007572
0.007079
0.008069
0.004255
0.007072
0.008046
0.005934
0.006668
0.007475
0.004892
0.007124
0.007168
0.007067
0.007476
0.004641
0.00841
0.008786
0.00609
0.007693
0.007833
0.004534
0.006972
0.008419
0.007837
0.006574
0.006984
0.008253
0.005915
0.007678
0.007497
0.009179
0.006793
0.008477
0.005553
0.008872
0.009232
0.009079
0.006896
0.006768
0.008258
0.00976
0.008714
0.009047
0.009347
0.006493
0.008692
0.008891
0.010759
0.006806
0.009726
0.007559
0.008033
0.010903
0.010096
0.010769
0.01088
0.009685
0.010759
0.00952
0.009281
0.009568
0.009534
0.009067
0.009543
0.009876
0.009879
0.007786
0.009712
0.006666
0.010768
0.008794
0.006787
0.011192
0.011023
0.007345
0.007143
0.011916
0.00787
0.006609
0.009476
0.006756
0.011657
0.011868
0.0116
0.010258
0.011705
0.009181
0.010397
0.010953
0.01054
0.006618
0.006619
0.007508
0.009841
0.010107
0.009886
0.010281
0.012058
0.009268
0.010552
0.010522
0.00877
0.012104
0.009728
0.007533
0.007315
0.013003
0.008362
0.008659
0.011756
0.008823
0.010541
0.012163
0.009482
0.009874
0.010422
0.010635
0.009563
0.009795
0.008566
0.012762
0.009186
0.012845
0.007337
0.010057
0.010698
0.011283
0.012601
0.011166
0.011527
0.01326
0.013179
0.012181
0.01277
0.009566
0.012988
0.012286
0.00969
0.011681
0.009529
0.012484
0.01392
0.013457
0.009176
0.012212
0.011957
0.013196
0.010347
0.01159
0.013793
0.009565
0.011221
0.013644
0.011098
0.010581
0.009646
0.011507
0.013321
0.010095
0.013222
0.013186
0.01213
0.012353
0.010795
0.010622
0.010435
0.008297
0.007184
0.009529
0.010314
0.011857
0.010322
0.01157
0.009967
0.010135
0.007454
0.011356
0.009769
0.011084
0.011042
0.010411
0.009285
0.006186
0.009221
0.010007
0.010279
0.009587
0.007545
0.009969
0.00976
0.006581
0.009076
0.008664
0.009556
0.008302
0.007186
0.007196
0.004977
0.007956
0.007431
0.007924
0.006444
0.007798
0.008274
0.008207
0.0075
0.008646
0.009706
0.00708
0.005118
0.008794
0.006753
0.006575
0.005561
0.007135
0.008115
0.005749
0.009815
0.005792
0.005584
0.005645
0.005501
0.005542
0.01021
0.009998
0.005988
0.007171
0.009111
0.009866
0.008263
0.009243
0.008909
0.006119
0.005575
0.009836
0.005836
0.008995
0.008315
0.011168
0.009295
0.007921
0.006835
0.00852
0.005982
0.009199
0.008943
0.006074
0.00799
0.008354
0.010665
0.007711
0.009721
0.009686
0.010464
0.010062
0.006199
0.007356
0.0085
0.007956
0.007446
0.005791
0.007487
0.007581
0.008654
0.008915
0.009045
0.01124
0.007509
0.010249
0.009902
0.009493
0.006048
0.007965
0.009028
0.009562
0.009957
0.007912
0.00861
0.011716
0.011439
0.011552
0.012293
0.00938
0.009193
0.007001
0.00708
0.007735
0.008947
0.008218
0.009028
0.013155
0.01442
0.008252
0.010163
0.012987
0.010364
0.011989
0.01487
0.012169
0.012853
0.015737
0.015847
0.014702
0.013868
0.014368
0.012948
0.014459
0.016599
0.012205
0.015625
0.013151
0.015539
0.014583
0.012629
0.0145
0.018083
0.016862
0.017042
0.017024
0.014452
0.013632
0.0126
0.016304
0.014343
0.013113
0.014936
0.011618
0.013288
0.012788
0.017273
0.011737
0.013515
0.014746
0.011995
0.012246
0.016912
0.016152
0.014587
0.013069
0.013166
0.015806
0.013882
0.016035
0.014658
0.015264
0.012401
0.014461
0.014897
0.010757
0.015118
0.013542
0.013509
0.013929
0.014656
0.014863
0.011063
0.014551
0.011412
0.011184
0.013836
0.013911
0.018867
0.011061
0.011588
0.016023
0.011459
0.01753
0.01625
0.016914
0.012167
0.012997
0.01481
0.016013
0.011834
0.014713
0.014522
0.010178
0.010844
0.014098
0.015072
0.013284
0.011597
0.013075
0.0108
0.012521
0.012925
0.013615
0.01297
0.013314
0.011727
0.01585
0.016111
0.012366
0.013382
0.014579
0.015536
0.015982
0.013929
0.015258
0.013905
0.015103
0.014011
0.015274
0.015077
0.016741
0.012592
0.015715
0.013995
0.016868
0.017266
0.014648
0.018661
0.017056
0.013535
0.017258
0.019205
0.016509
0.019348
0.015727
0.018084
0.0164
0.016713
0.019661
0.017575
0.015642
0.018554
0.017085
0.017473
0.018407
0.016891
0.021002
0.022583
0.017226
0.01794
0.019612
0.024065
0.020792
0.023714
0.024246
0.023105
0.023419
0.024658
0.022655
0.024038
0.021652
0.021584
0.021716
0.024886
0.022017
0.021591
0.021232
0.02457
0.020777
0.023204
0.020389
0.023146
0.023772
0.023096
0.023665
0.025458
0.021375
0.020489
0.022706
0.020918
0.026806
0.023692
0.025917
0.022964
0.025695
0.026029
0.022903
0.024838
0.0264
0.025405
0.023652
0.027311
0.024988
0.023871
0.025511
0.026282
0.023505
0.026961
0.027504
0.02514
0.024086
0.027507
0.027689
0.024759
0.027587
0.027644
0.023121
0.028128
0.025043
0.026419
0.029007
0.027635
0.027161
0.026732
0.027341
0.027844
0.02474
0.03044
0.028463
0.025143
0.02919
0.029871
0.024665
0.027541
0.028079
0.026698
0.026265
0.023282
0.024797
0.024535
0.028203
0.024315
0.026892
0.024137
0.029019
0.029829
0.028673
0.026656
0.028818
0.023661
0.02373
0.025843
0.028423
0.027117
0.02622
0.028573
0.024673
0.023857
0.027734
0.026924
0.025926
0.027879
0.027128
0.025766
0.025076
0.024871
0.027391
0.02567
0.023845
0.022967
0.025353
0.028124
0.025694
0.028151
0.024691
0.024775
0.025352
0.025178
0.023801
0.022873
0.02459
0.02497
0.022356
0.022446
0.022382
0.023437
0.024297
0.021742
0.021341
0.024711
0.024309
0.0203
0.023401
0.023233
0.022322
0.022042
0.023714
0.023924
0.019802
0.023549
0.021873
0.021738
0.023527
0.021613
0.021641
0.02024
0.020891
0.022409
0.020096
0.018557
0.022896
0.020762
0.023093
0.022151
0.020383
0.01997
0.020828
0.02253
0.01867
0.020108
0.021142
0.020132
0.022407
0.016425
0.020301
0.016872
0.020479
0.017843
0.019482
0.022596
0.020049
0.020425
0.016756
0.018338
0.017306
0.021726
0.022119
0.022319
0.020461
0.018522
0.020803
0.019938
0.022979
0.021879
0.019359
0.019075
0.019743
0.021976
0.020082
0.02198
0.021171
0.017355
0.024356
0.021186
0.02185
0.021968
0.021706
0.018711
0.023546
0.021634
0.021773
0.022165
0.024736
0.01981
0.021059
0.024126
0.023516
0.025597
0.023409
0.018692
0.022354
0.022866
0.024472
0.022331
0.020826
0.024385
0.021986
0.021608
0.02232
0.023132
0.020721
0.023341
0.022427
0.024665
0.022574
0.022621
0.022636
0.020605
0.02404
0.020589
0.020783
0.020576
0.024919
0.023622
0.023432
0.024417
0.020768
0.023852
0.021358
0.022963
0.024448
0.021581
0.02262
0.023625
0.023533
0.021895
0.022063
0.020253
0.020929
0.017869
0.018369
0.022685
0.023657
0.021339
0.023242
0.021169
0.020656
0.0195
0.019409
0.021107
0.019772
0.02178
0.022764
0.019529
0.022708
0.019468
0.022314
0.020748
0.017704
0.019293
0.021963
0.021592
0.019017
0.02196
0.020402
0.022344
0.020706
0.021798
0.021876
0.022398
0.018458
0.020342
0.021079
0.018844
0.020206
0.019178
0.01857
0.020677
0.02017
0.02197
0.022321
0.018689
0.022619
0.020106
0.022805
0.019028
0.020962
0.02221
0.019873
0.020692
0.02277
0.023781
0.020662
0.01767
0.020615
0.021253
0.021521
0.02141
0.021706
0.022555
0.019233
0.021081
0.023021
0.023043
0.022151
0.021304
0.021614
0.018848
0.017752
0.01934
0.021157
0.0206
0.019931
0.022711
0.0207
0.021417
0.021395
0.020727
0.019495
0.02091
0.019723
0.018407
0.020353
0.022413
0.019073
0.020015
0.022374
0.019536
0.02123
0.021053
0.022115
0.021219
0.0216
0.021151
0.021121
0.021864
0.020994
0.020202
0.017979
0.022668
0.017791
0.020849
0.022287
0.020488
0.021053
0.018542
0.025715
0.019576
0.019079
0.019164
0.020622
0.018784
0.022151
0.023725
0.022766
