0.004336
0.005328
0.008244
0.005329
0.009537
0.006774
0.01063
0.008315
0.011168
0.006821
0.006823
0.011851
0.007239
0.008333
0.007671
0.008612
0.008874
0.007502
0.011602
0.009674
0.010708
0.007462
0.009209
0.010186
0.009097
0.011348
0.010366
0.009411
0.010314
0.006737
0.00705
0.011811
0.007423
0.008684
0.007175
0.007457
0.007296
0.009607
0.007391
0.00771
0.009271
0.00966
0.009094
0.012303
0.007265
0.007854
0.007445
0.007279
0.008255
0.007076
0.010048
0.008741
0.010558
0.012416
0.009666
0.007938
0.011622
0.007199
0.007381
0.007838
0.008102
0.012298
0.011295
0.00809
0.009308
0.012274
0.012775
0.011725
0.008287
0.008053
0.012982
0.008133
0.009958
0.009129
0.008816
0.00809
0.008792
0.009839
0.011155
0.013594
0.009612
0.009942
0.008875
0.012776
0.011132
0.009828
0.011367
0.011721
0.013107
0.011864
0.008053
0.011868
0.007824
0.012298
0.010328
0.007952
0.012212
0.011154
0.007933
0.011751
0.012096
0.01251
0.009217
0.008655
0.006921
0.010757
0.010395
0.007025
0.012122
0.009011
0.012071
0.009567
0.009179
0.011113
0.009405
0.008585
0.008998
0.009912
0.010093
0.010345
0.006436
0.011621
0.010354
0.010345
0.007147
0.007086
0.009995
0.008542
0.009891
0.010783
0.010406
0.010097
0.010902
0.011902
0.008327
0.011666
0.008636
0.008674
0.011689
0.010067
0.010225
0.010016
0.008355
0.012323
0.012294
0.010863
0.01315
0.012723
0.007959
0.010252
0.010444
0.012109
0.010601
0.010006
0.01198
0.011922
0.011939
0.011848
0.011965
0.011854
0.009973
0.011101
0.01155
0.01111
0.008139
0.009716
0.010917
0.011413
0.011477
0.011773
0.010765
0.006809
0.007247
0.011545
0.006559
0.009216
0.007891
0.007868
0.006814
0.011531
0.010204
0.009308
0.007232
0.008638
0.00728
0.007354
0.007381
0.011113
0.010053
0.007214
0.006908
0.009658
0.009554
0.008538
0.012496
0.00844
0.01052
0.011679
0.011398
0.008704
0.010327
0.008427
0.006813
0.008685
0.009137
0.011716
0.012043
0.012396
0.010647
0.007377
0.007939
0.007487
0.007862
0.010857
0.009326
0.00857
0.007312
0.007677
0.012493
0.010669
0.01169
0.008339
0.006914
0.009705
0.011078
0.011946
0.010199
0.010265
0.01007
0.009776
0.010079
0.006661
0.008305
0.009287
0.01187
0.008622
0.010023
0.007073
0.008736
0.008686
0.011493
0.01098
0.009164
0.011472
0.00721
0.006826
0.007089
0.00832
0.011316
0.008796
0.011811
0.011089
0.008881
0.007549
0.011228
0.007064
0.010543
0.008138
0.009435
0.006961
0.007985
0.010937
0.011243
0.008615
0.011894
0.007237
0.010323
0.007344
0.012229
0.0079
0.012257
0.007493
0.009574
0.007361
0.011227
0.012241
0.010081
0.013135
0.011036
0.012047
0.012033
0.007988
0.009299
0.011345
0.012522
0.011397
0.012253
0.012273
0.01119
0.008944
0.010051
0.008988
0.008553
0.008243
0.010604
0.011786
0.009299
0.012597
0.012903
0.012865
0.010502
0.010065
0.012528
0.009266
0.007421
0.008366
0.010165
0.012575
0.013041
0.011334
0.01215
0.010167
0.012294
0.007977
0.013145
0.010252
0.012088
0.011648
0.007026
0.010929
0.010067
0.00927
0.007116
0.010093
0.011533
0.011539
0.009985
0.008058
0.007949
0.010293
0.010588
0.010094
0.009618
0.008537
0.011308
0.005912
0.009223
0.009626
0.006853
0.010367
0.010289
0.010519
0.005989
0.009656
0.01058
0.009872
0.008391
0.010361
0.009261
0.010376
0.010521
0.010888
0.007868
0.010458
0.007085
0.009856
0.010597
0.009703
0.011102
0.009839
0.008212
0.006515
0.010908
0.009171
0.011331
0.011264
0.006733
0.011195
0.008233
0.00643
0.012073
0.009393
0.007922
0.00758
0.011692
0.011658
0.008764
0.010815
0.011802
0.011892
0.012762
0.010079
0.012667
0.012526
0.012446
0.01229
0.012566
0.012806
0.011228
0.012676
0.010359
0.010659
0.014645
0.010864
0.010067
0.014036
0.014163
0.016371
0.014826
0.014834
0.014148
0.016908
0.017642
0.015682
0.017662
0.01346
0.013683
0.013237
0.014453
0.015104
0.015626
0.018263
0.024839
0.021732
0.02194
0.020888
0.017855
0.021287
0.023211
0.022754
0.023173
0.023297
0.023468
0.0244
0.024505
0.024883
0.023863
0.023699
0.023154
0.024636
0.021396
0.023056
0.025549
0.025285
0.025598
0.025403
0.024396
0.02431
0.021603
0.026612
0.026667
0.025448
0.024789
0.023589
0.024499
0.026129
0.024743
0.02228
0.023339
0.025006
0.02667
0.022314
0.025401
0.027552
0.024951
0.027789
0.028474
0.029118
0.028567
0.028315
0.027093
0.025401
0.024782
0.025173
0.025906
0.028014
0.031855
0.028706
0.029992
0.030114
0.02975
0.030827
0.029705
0.028261
0.02476
0.023993
0.028751
0.029046
0.024662
0.02358
0.02954
0.024652
0.026887
0.027857
0.025173
0.02605
0.024529
0.025233
0.024084
0.025851
0.024504
0.024997
0.024895
0.019865
0.021412
0.020391
0.021048
0.022689
0.023955
0.022863
0.020636
0.023118
0.023153
0.021129
0.022454
0.019471
0.024192
0.024327
0.021614
0.023383
0.023063
0.024036
0.023819
0.022077
0.021804
0.022537
0.020663
0.023338
0.021943
0.019081
0.023454
0.018866
0.021259
0.021345
0.024622
0.023539
0.022347
0.023735
0.024595
0.01868
0.019867
0.021048
0.018976
0.024122
0.019378
0.018806
0.022052
0.022749
0.023536
0.022355
0.024088
0.019839
0.018739
0.021102
0.020634
0.022407
0.019959
0.02203
0.020487
0.019325
0.022851
0.02157
0.025249
0.019476
0.020598
0.024686
0.025471
0.020566
0.021294
0.026025
0.027546
0.025189
0.02182
0.026343
0.02439
0.02099
0.025339
0.026929
0.023352
0.023516
0.022488
0.02483
0.025671
0.024769
0.026213
0.0283
0.027193
0.027934
0.024882
0.030754
0.026606
0.027612
0.027696
0.029133
0.028714
0.022002
0.026068
0.026375
0.028486
0.029919
0.023139
0.029555
0.024458
0.029647
0.026032
0.028834
0.030252
0.027709
0.030858
0.028014
0.03211
0.027314
0.030234
0.035321
0.030785
0.033774
0.037478
0.036236
0.039906
0.041015
0.042858
0.035933
0.040144
0.044185
0.038414
0.037474
0.039153
0.041287
0.038967
0.039361
0.044334
0.041459
0.047702
0.044251
0.044535
0.041868
0.045462
0.049521
0.041665
0.041834
0.044316
0.042042
0.046724
0.04906
0.042041
0.046062
0.044476
0.048133
0.043449
0.04756
0.046354
0.045091
0.049229
0.045723
0.046442
0.045574
0.050966
0.04317
0.040455
0.040724
0.038184
0.044552
0.042499
0.047023
0.042207
0.042063
0.045581
0.039372
0.046785
0.039101
0.040122
0.044516
0.039931
0.044007
0.044678
0.043532
0.043832
0.040176
0.040861
0.0384
0.038683
0.043095
0.047552
0.043973
0.044439
0.046603
0.045638
0.04699
0.043659
0.044176
0.042274
0.042809
0.045571
0.043024
0.048548
0.042794
0.047433
0.051233
0.045719
0.048621
0.044074
0.043779
0.045951
0.047725
0.044478
0.048153
0.047744
0.044486
0.040598
0.035654
0.035338
0.040002
0.035989
0.03664
0.041918
0.035862
0.039295
0.035718
0.034205
0.034693
0.040477
0.041007
0.039473
0.036691
0.039381
0.036148
0.042067
0.043793
0.040998
0.040227
0.042725
0.038006
0.04133
0.042863
0.03851
0.039815
0.039933
0.04151
0.040321
0.039608
0.037949
0.040888
0.041845
0.044318
0.044549
0.042961
0.039099
0.044156
0.04466
0.040693
0.045098
0.043043
0.045905
0.046229
0.043603
0.04385
0.041636
0.041224
0.045
0.046772
0.046393
0.042125
0.045001
0.044709
0.043487
0.047475
0.049977
0.046395
0.050366
0.046324
0.046248
0.047301
0.05527
0.045964
0.04643
0.047321
0.044356
0.048031
0.044694
0.048994
0.049463
0.051006
0.050615
0.049689
0.048223
0.047437
0.046215
0.048075
0.046113
0.046378
0.047146
0.047674
0.048484
0.047611
0.045033
0.04837
0.049691
0.046949
0.047657
0.049599
0.046926
0.052779
0.04904
0.04725
0.04457
0.046559
0.047399
0.048132
0.051665
0.053306
0.046153
0.050917
0.049405
0.050954
0.051172
0.047357
0.050933
0.049153
0.051496
0.049883
0.049969
0.051232
0.052877
0.050212
0.051221
0.051915
0.05175
0.048917
0.048077
0.047803
0.048669
0.049868
0.051411
0.04927
0.051272
0.05091
0.050274
0.049758
0.04809
0.049018
0.05196
0.04679
0.05086
0.053464
0.043939
0.050359
0.047831
0.050366
0.048577
0.052865
0.046805
0.049106
0.04447
0.043171
0.043299
0.04552
0.045497
0.047372
0.046368
0.046228
0.052311
0.05153
0.048611
0.050511
0.048444
0.047219
0.048694
0.047566
0.044443
0.046476
0.046212
0.045692
0.052523
0.050289
0.043807
0.047726
0.049003
0.048113
0.050639
0.052822
0.051556
0.042086
0.041024
0.046363
0.045653
0.048195
0.044912
0.044457
0.047085
0.045086
0.045156
0.04267
0.042762
0.040914
0.039529
0.043513
0.042642
0.041311
0.047401
0.042743
0.04647
0.044634
0.050128
0.046701
0.044881
0.044143
0.039703
0.043245
0.041681
0.047808
0.045362
0.045264
0.04236
0.040116
0.043974
0.048778
0.047876
0.051008
0.04684
0.049327
0.044181
0.039761
0.041792
0.038611
0.046355
0.037909
0.043252
0.03754
0.041993
0.040055
0.046401
0.037773
0.041381
0.038254
0.038976
0.042463
0.041345
0.041017
0.043247
0.035738
0.041748
0.043442
0.041796
0.036418
0.038243
0.038735
0.041726
0.036576
0.038726
0.039161
0.036297
0.041014
0.042899
0.041087
0.04025
0.042867
0.04184
0.044294
0.042931
0.043925
0.040619
0.039637
0.03842
0.041843
0.036489
0.04117
0.040723
0.042565
0.037462
0.039412
0.03928
0.034977
0.034585
0.032471
0.030481
0.035111
0.031219
0.02821
0.03342
0.025562
0.026609
0.02322
0.023889
0.026544
0.025094
0.027445
0.02432
0.022632
0.026738
0.02097
0.022565
0.02709
0.025538
0.026954
0.024627
0.025498
0.026099
0.025606
0.023617
0.024332
0.027345
0.024734
0.021333
0.026108
0.025451
0.022666
0.024508
0.021234
0.024348
0.022675
0.023377
0.021802
0.021172
0.020837
0.021033
0.021664
0.022221
0.021579
0.020979
0.019976
0.021338
0.018821
0.020273
0.018807
0.016916
0.019269
0.02095
0.020114
0.018911
0.021596
0.020921
0.020851
0.019067
0.022494
0.018053
0.01766
0.020515
0.018016
0.021326
0.022255
0.018233
0.018862
0.019169
0.021502
0.02057
0.017483
0.019869
0.02136
0.021134
0.01919
0.020032
0.021773
0.019683
0.020898
0.019238
0.02072
0.0227
0.020267
0.019654
0.020044
0.020284
0.019618
0.02027
0.022371
0.025875
0.022263
0.024999
0.023964
0.02248
0.022486
0.025134
0.023179
0.028029
0.025725
0.028112
0.02533
0.028764
0.033628
0.02497
0.026435
0.027458
0.025708
0.02701
0.030527
0.028811
0.047547
0.029344
0.028831
0.031233
0.02844
0.029274
0.030366
0.029425
0.031302
0.028281
0.028633
0.027641
0.029319
0.030315
0.028634
0.029279
0.027442
0.02798
0.029036
0.028345
0.028287
0.030404
0.030074
0.028354
0.03254
0.031466
0.03307
0.028818
