0.02405
0.029269
0.027696
0.030666
0.030872
0.029187
0.030524
0.028348
0.028465
0.031268
0.033212
0.025359
0.027927
0.029179
0.031551
0.030469
0.027233
0.027946
0.028345
0.026003
0.028952
0.027227
0.030058
0.028299
0.029571
0.028445
0.024911
0.027829
0.031276
0.029517
0.028818
0.029774
0.034267
0.02911
0.028618
0.028523
0.027192
0.028756
0.029333
0.027368
0.026012
0.031007
0.027308
0.028546
0.029271
0.028138
0.027432
0.026637
0.028196
0.027821
0.0271
0.028831
0.030206
0.028146
0.031063
0.029062
0.030071
0.027731
0.029573
0.031223
0.030858
0.026991
0.031714
0.030969
0.029557
0.029117
0.027632
0.027299
0.027541
0.032022
0.030704
0.028104
0.026671
0.026897
0.031837
0.028129
0.031805
0.030534
0.027477
0.031109
0.030028
0.030363
0.029004
0.029228
0.030293
0.028846
0.029166
0.033279
0.032369
0.033833
0.035007
0.030931
0.030564
0.029606
0.029686
0.034686
0.035176
0.032613
0.035054
0.03412
0.034684
0.033518
0.035477
0.032745
0.036439
0.03585
0.03169
0.037843
0.037264
0.037497
0.031871
0.036192
0.036571
0.034945
0.036945
0.035692
0.035829
0.037911
0.033558
0.034415
0.039129
0.036034
0.037398
0.03739
0.044761
0.034227
0.037053
0.038851
0.040206
0.036854
0.035626
0.040294
0.036771
0.042004
0.04092
0.041765
0.037646
0.034994
0.037014
0.040902
0.038739
0.040852
0.036941
0.037637
0.041941
0.041015
0.038396
0.042043
0.038814
0.037024
0.037369
0.041057
0.041382
0.041326
0.044035
0.038897
0.042954
0.040724
0.038708
0.037965
0.040507
0.041565
0.043822
0.043725
0.041156
0.040875
0.040614
0.042919
0.043183
0.048029
0.040585
0.04419
0.044586
0.045962
0.041872
0.04625
0.047351
0.042571
0.045861
0.045153
0.041581
0.042615
0.04681
0.043604
0.04577
0.042814
0.048607
0.044233
0.042877
0.046087
0.047753
0.047061
0.046577
0.046811
0.045775
0.045357
0.049511
0.04425
0.049966
0.046799
0.045525
0.052424
0.046061
0.050109
0.050566
0.045816
0.044304
0.052646
0.04643
0.048499
0.048606
0.049493
0.048167
0.045044
0.046163
0.051043
0.050793
0.048118
0.049582
0.052713
0.050731
0.048255
0.051689
0.051776
0.050995
0.049627
0.049758
0.048749
0.047821
0.052337
0.049811
0.049964
0.04818
0.048734
0.050161
0.051529
0.050015
0.049954
0.045032
0.049219
0.049254
0.046589
0.050686
0.048323
0.047309
0.044235
0.04746
0.044553
0.046232
0.043408
0.043354
0.04429
0.040074
0.043734
0.037863
0.038761
0.038383
0.03944
0.037211
0.041082
0.042165
0.038038
0.036902
0.036152
0.039542
0.038161
0.040314
0.035359
0.037797
0.035443
0.036773
0.036778
0.037826
0.040868
0.041439
0.037857
0.042867
0.031577
0.038237
0.034864
0.036131
0.038085
0.033869
0.036331
0.034408
0.034235
0.034808
0.033397
0.036281
0.03671
0.033122
0.036928
0.038341
0.032925
0.039072
0.034961
0.039483
0.03958
0.033968
0.037178
0.034511
0.037023
0.040429
0.038323
0.036748
0.040954
0.036273
0.035082
0.039677
0.038312
0.039221
0.040902
0.040517
0.037319
0.040631
0.039735
0.037349
0.039336
0.041019
0.038526
0.037296
0.041514
0.038675
0.034237
0.038584
0.041984
0.037438
0.038524
0.035985
0.036379
0.040213
0.034507
0.037046
0.034647
0.039869
0.039872
0.040973
0.036263
0.037845
0.038362
0.042098
0.044124
0.038078
0.043826
0.043777
0.041596
0.044902
0.042923
0.042269
0.041917
0.047237
0.045274
0.046844
0.045644
0.047912
0.046757
0.047675
0.049946
0.049011
0.052801
0.050236
0.053156
0.054878
0.058838
0.053259
0.057576
0.057337
0.058982
0.061298
0.066557
0.06845
0.066958
0.072524
0.07193
0.067543
0.077683
0.076381
0.074191
0.073573
0.071459
0.074359
0.072156
0.072079
0.071827
0.072971
0.074827
0.075035
0.080092
0.073889
0.072374
0.073947
0.070947
0.072532
0.074719
0.074635
0.075254
0.070891
0.075997
0.073
0.077669
0.077808
0.074231
0.072538
0.072785
0.075595
0.074912
0.071638
0.07334
0.074394
0.071627
0.068952
0.072458
0.069535
0.072879
0.07369
0.070648
0.071258
0.078938
0.075157
0.071589
0.077713
0.07658
0.073272
0.073167
0.071534
0.076301
0.072338
0.076497
0.075783
0.076334
0.075174
0.081587
0.077649
0.084254
0.080932
0.082878
0.083679
0.082601
0.078741
0.082159
0.082156
0.086999
0.08773
0.089445
0.091372
0.097722
0.088205
0.094957
0.096249
0.092005
0.090754
0.097863
0.100123
0.09613
0.100412
0.099881
0.101895
0.107153
0.100307
0.104217
0.102871
0.069212
0.0689
0.067449
0.069451
0.070714
0.072143
0.068809
0.071149
0.071904
0.071437
0.075353
0.076033
0.073596
0.076191
0.08157
0.075788
0.081108
0.081743
0.083175
0.087088
0.08385
0.087525
0.085912
0.088772
0.090953
0.090595
0.093006
0.09887
0.101199
0.104879
0.101456
0.10204
0.104989
0.103795
0.113672
0.108261
0.113495
0.110631
0.112443
0.113939
0.118539
0.115821
0.122518
0.129877
0.133196
0.123007
0.126017
0.125593
0.126126
0.12664
0.130871
0.129313
0.133062
0.132964
0.133938
0.141583
0.152404
0.140588
0.14757
0.143304
0.149311
0.146392
0.148626
0.146342
0.151925
0.151373
0.150202
0.149293
0.16219
0.155796
0.157356
0.161988
0.161289
0.161912
0.168628
0.168727
0.176854
0.16974
0.171825
0.175972
0.183709
0.172679
0.187831
0.173512
0.181447
0.180352
0.179984
0.182019
0.184056
0.181958
0.189663
0.189664
0.19491
0.188647
0.190617
0.188943
0.193766
0.185628
0.188177
0.191512
0.18709
0.193511
0.192692
0.197566
0.189761
0.191246
0.19049
0.182964
0.187387
0.19415
0.189551
0.190726
0.19456
0.201354
0.187498
0.19026
0.182656
0.17495
0.179175
0.17396
0.174065
0.176547
0.166668
0.178187
0.180095
0.182417
0.182876
0.189162
0.175607
0.184331
0.108303
0.107271
0.103547
0.10299
0.098644
0.106662
0.107924
0.105174
0.106073
0.104878
0.105938
0.102421
0.10447
0.104057
0.10468
0.102274
0.104523
0.103756
0.10727
0.10829
0.105622
0.102544
0.105304
0.10812
0.10738
0.106319
0.112786
0.110628
0.109301
0.113233
0.110369
0.109606
0.110227
0.108344
0.108127
0.111919
0.10953
0.106366
0.113337
0.1176
0.113038
0.110507
0.116664
0.113569
0.113867
0.114353
0.118686
0.119063
0.127027
0.124642
0.122033
0.123498
0.121107
0.123897
0.128076
0.123746
0.134259
0.135789
0.128854
0.126223
0.122625
0.132009
0.124529
0.132613
0.134004
0.127124
0.131961
0.13081
0.12821
0.129367
0.127649
0.130195
0.131264
0.137333
0.127418
0.127694
0.131893
0.129258
0.129256
0.125931
0.127373
0.131018
0.129193
0.136882
0.136557
0.134168
0.13659
0.137088
0.136048
0.135497
0.134607
0.140544
0.131729
0.141939
0.135182
0.134936
0.140682
0.13519
0.132256
0.132213
0.128569
0.133302
0.130207
0.13371
0.126639
0.1358
0.141781
0.138113
0.135875
0.139596
0.144311
0.142159
0.136688
0.139732
0.143879
0.139121
0.146277
0.140274
0.142416
0.143922
0.150196
0.140396
0.147547
0.156344
0.146607
0.148246
0.152653
0.15219
0.148
0.149826
0.156717
0.164438
0.157886
0.158614
0.15618
0.156123
0.154901
0.154087
0.164324
0.156066
0.159019
0.1579
0.163129
0.162998
0.169797
0.157461
0.159898
0.1571
0.150959
0.157294
0.163735
0.164099
0.156683
0.166932
0.156182
0.155896
0.157312
0.165836
0.154251
0.16187
0.163139
0.163044
0.157817
0.155921
0.163521
0.159481
0.161196
0.159823
0.166505
0.166271
0.16351
0.161472
0.158085
0.165553
0.160654
0.159025
0.173208
0.161363
0.159258
0.158414
0.159846
