0.001255
0.001168
0.001019
0.00121
0.001239
0.001265
0.001175
0.001357
0.001511
0.001405
0.00136
0.001356
0.001579
0.001365
0.001599
0.001313
0.001291
0.001421
0.001344
0.001446
0.001346
0.001408
0.00137
0.001375
0.001623
0.001471
0.001412
0.001468
0.001476
0.001448
0.001553
0.001363
0.001579
0.001818
0.001445
0.001522
0.001476
0.001449
0.001459
0.001864
0.001496
0.001488
0.001481
0.001677
0.001861
0.001518
0.001698
0.001872
0.001416
0.001419
0.001497
0.001384
0.001518
0.001564
0.001597
0.00158
0.001746
0.001434
0.001412
0.001749
0.001794
0.001638
0.001549
0.001601
0.00258
0.001583
0.001599
0.001481
0.001503
0.001597
0.001645
0.001567
0.002507
0.001703
0.001745
0.001558
0.00174
0.001728
0.001819
0.001718
0.001594
0.001675
0.001736
0.00212
0.001709
0.003438
0.001658
0.001552
0.001529
0.001581
0.00163
0.001555
0.002358
0.001654
0.001639
0.001468
0.001586
0.001835
0.001345
0.00145
0.001472
0.001411
0.001525
0.001712
0.001468
0.001383
0.001548
0.001556
0.003266
0.001549
0.001585
0.001373
0.001587
0.001388
0.001503
0.001443
0.001469
0.001532
0.002155
0.001421
0.001348
0.001458
0.00139
0.001424
0.001416
0.001478
0.001498
0.001896
0.001475
0.001618
0.001485
0.001593
0.001585
0.001478
0.001486
0.001686
0.001422
0.001383
0.001421
0.00143
0.001519
0.001554
0.001675
0.001698
0.001788
0.002032
0.001695
0.001663
0.002237
0.001679
0.001608
0.001605
0.001517
0.001686
0.001646
0.001591
0.001664
0.001535
0.001842
0.001846
0.001622
0.001669
0.001792
0.001836
0.00198
0.001629
0.00158
0.001668
0.001606
0.001649
0.001543
0.001634
0.001508
0.00187
0.001686
0.00163
0.001811
0.001819
0.001802
0.001634
0.001713
0.001724
0.001916
0.001535
0.002696
0.001525
0.001564
0.001554
0.001752
0.001591
0.001727
0.001735
0.001477
0.00152
0.001574
0.00162
0.001446
0.001568
0.001669
0.001509
0.001449
0.001624
0.001565
0.001532
0.00156
0.001547
0.001485
0.001584
0.001598
0.001697
0.001722
0.001499
0.001653
0.001416
0.00153
0.001477
0.001744
0.001464
0.00151
0.001561
0.001523
0.001631
0.001561
0.001411
0.001491
0.001371
0.001598
0.001401
0.001417
0.001396
0.001511
0.001461
0.001501
0.001654
0.001634
0.001503
0.001587
0.001734
0.001466
0.001518
0.001395
0.001475
0.001468
0.001577
0.001506
0.001477
0.002832
0.003237
0.00242
0.00155
0.001541
0.003146
0.00284
0.002499
0.002432
0.002997
0.00165
0.002942
0.002704
0.001469
0.003318
0.003558
0.001553
0.001565
0.003251
0.001476
0.002691
0.002987
0.001411
0.001521
0.002621
0.002798
0.002018
0.001568
0.003258
0.001697
0.002855
0.003011
0.002552
0.002854
0.001622
0.003073
0.001615
0.00159
0.001723
0.001682
0.001535
0.003
0.001498
0.002313
0.001502
0.002376
0.001549
0.002253
0.002687
0.001579
0.002352
0.002592
0.002364
0.003189
0.003157
0.003389
0.003032
0.002692
0.003286
0.003039
0.002504
0.002397
0.001532
0.00214
0.00279
0.001529
0.002808
0.002047
0.002831
0.001705
0.002398
0.002893
0.002485
0.003066
0.002646
0.00144
0.002036
0.002437
0.002949
0.001478
0.002879
0.002393
0.001449
0.002765
0.001314
0.002763
0.002522
0.001988
0.001316
0.001255
0.002373
0.001944
0.002256
0.001769
0.001964
0.00207
0.00203
0.001338
0.00283
0.00217
0.002402
0.001853
0.002575
0.002546
0.001246
0.00237
0.001301
0.002266
0.001987
0.002252
0.00183
0.002571
0.001325
0.002988
0.001977
0.00231
0.001319
0.001968
0.002156
0.002108
0.002241
0.002367
0.003247
0.002102
0.00197
0.002265
0.001442
0.001628
0.003376
0.003367
0.002732
0.002246
0.00284
0.002704
0.002986
0.001554
0.003055
0.002051
0.001618
0.003164
0.001587
0.002995
0.002499
0.003448
0.00358
0.003364
0.004006
0.001678
0.002734
0.003485
0.0037
0.002226
0.002818
0.00223
0.004745
0.004061
0.003487
0.003522
0.004325
0.004194
0.005108
0.003615
0.004137
0.004366
0.002869
0.003935
0.005418
0.004523
0.004962
0.005211
0.004462
0.005742
0.005047
0.005437
0.006808
0.003339
0.004372
0.005689
0.005251
0.005666
0.005617
0.005437
0.004886
0.004812
0.006022
0.00569
0.00533
0.005993
0.003961
0.006726
0.0059
0.005279
0.003878
0.003622
0.006157
0.005935
0.007221
0.00723
0.004672
0.00579
0.00475
0.003589
0.003626
0.007017
0.00415
0.004316
0.006507
0.008109
0.004301
0.008695
0.00831
0.004387
0.008398
0.008264
0.00712
0.0062
0.007205
0.004319
0.005626
0.007872
0.007334
0.00726
0.0067
0.008052
0.007319
0.006649
0.004411
0.007748
0.004512
0.007311
0.008208
0.007143
0.007289
0.007271
0.00723
0.005999
0.004093
0.004176
0.004057
0.006518
0.006396
0.006106
0.003675
0.006268
0.007708
0.004193
0.005759
0.004533
0.006279
0.004426
0.003528
0.003504
0.006203
0.006718
0.005003
0.00473
0.003606
0.003449
0.00332
0.005109
0.004727
0.003514
0.005755
0.006073
0.005336
0.003332
0.003418
0.004817
0.005831
0.006233
0.005951
0.005147
0.005253
0.006372
0.006695
0.005898
0.007967
0.006402
0.006391
0.005433
0.005622
0.006041
0.005795
0.003817
0.006021
0.003345
0.006832
0.006533
0.004805
0.004659
0.003467
0.003973
0.005749
0.004758
0.005603
0.004504
0.003777
0.003517
0.003479
0.005544
0.006279
0.005591
0.00581
0.003584
0.006593
0.004716
0.005601
0.005932
0.005912
0.005708
0.005451
0.006212
0.003528
0.005669
0.006867
0.007543
0.005368
0.003846
0.005337
0.003714
0.006208
0.006367
0.0041
0.003862
0.006399
0.003772
0.005714
0.005953
0.005144
0.005839
0.004056
0.004358
0.006679
0.004717
0.004129
0.006705
0.004521
0.004006
0.006825
0.004278
0.004166
0.004939
0.005932
0.005569
0.006494
0.004008
0.00697
0.003921
0.007464
0.0046
0.006654
0.008313
0.005777
0.004805
0.008445
0.005391
0.007971
0.006444
0.005227
0.008206
0.008626
0.009377
0.0087
0.008224
0.008656
0.007006
0.009167
0.009372
0.009481
0.007091
0.007299
0.008112
0.006092
0.005965
0.008737
0.006427
0.00708
0.011632
0.009005
0.006576
0.009772
0.00967
0.010271
0.011195
0.009987
0.008311
0.009864
0.006414
0.010564
0.010036
0.011355
0.009499
0.007096
0.00959
0.007588
0.009367
0.009556
0.007739
0.005908
0.006686
0.008789
0.010799
0.008732
0.005951
0.009389
0.010312
0.009592
0.009406
0.007523
0.008565
0.007281
0.007654
0.005902
0.009112
0.005979
0.005789
0.005847
0.007424
0.006126
0.006747
0.006111
0.005803
0.005754
0.008798
0.006783
0.006297
0.008871
0.005395
0.005176
0.008186
0.008242
0.009294
0.005832
0.008548
0.008521
0.008601
0.0087
0.008404
0.005566
0.005532
0.010638
0.008594
0.006177
0.007012
0.006091
0.006043
0.006535
0.008309
0.006936
0.008475
0.009828
0.008382
0.005567
0.00626
0.009486
0.005892
0.005753
0.008444
0.006103
0.006926
0.00875
0.009079
0.007727
0.007415
0.008417
0.005978
0.009935
0.00579
0.005992
0.006472
0.009051
0.008354
0.005832
0.007799
0.010196
0.005973
0.006107
0.006194
0.010489
0.008988
0.010219
0.007669
0.006392
0.009398
0.006214
0.008303
0.007876
0.006191
0.009815
0.006389
0.006464
0.00614
0.009675
0.010511
0.008349
0.01155
0.007623
0.006681
0.006635
0.011201
0.011801
0.006775
0.007616
0.009155
0.009981
0.010221
0.009621
0.009834
0.012439
0.00703
0.009382
0.007464
0.007114
0.006436
0.006628
0.009308
0.010409
0.006935
0.009903
0.008084
0.009956
0.007885
0.009038
0.011077
0.011771
0.007749
0.009544
0.0106
0.012968
0.013242
0.006964
0.010509
0.007185
0.006939
0.006983
0.009229
0.010637
0.011686
0.012102
0.00824
0.00827
0.01344
0.006826
0.008443
0.011136
0.007256
0.011213
0.008591
0.0088
0.007244
0.009027
0.008965
0.007378
0.007286
0.008719
0.011123
0.008649
0.008324
0.007359
0.008723
0.009292
0.01067
0.009025
0.008827
0.007548
0.010912
0.008364
0.009273
0.007529
0.009556
0.008469
0.008413
0.008582
0.011646
0.008853
0.006999
0.009306
0.009961
0.010083
0.007236
0.008501
0.009893
0.008493
0.012157
0.010491
0.010835
0.012634
0.007462
0.010487
0.007466
0.008595
0.010487
0.006921
0.010317
0.00705
0.008316
0.006887
0.009966
0.009109
0.008493
0.008241
0.006745
0.008764
0.010788
0.006854
0.010854
0.007036
0.008706
0.007737
0.008733
0.010327
0.009843
0.006901
0.00799
0.006969
0.008266
0.006664
0.006562
0.010822
0.012078
0.009374
0.008691
0.007053
0.01081
0.01104
0.00781
0.00651
0.009503
0.007892
0.007705
0.006533
0.006537
0.006404
0.010392
0.008881
0.00766
0.006177
0.008934
0.007903
0.006374
0.007861
0.006176
0.011713
0.006261
0.008256
0.007689
0.007892
0.007638
0.010674
0.006241
0.006193
0.006702
0.009647
0.005876
0.007274
0.009458
0.007839
0.011095
0.006824
0.010277
0.006857
0.00664
0.009285
0.011159
0.010218
0.006228
0.011345
0.012898
0.013199
0.007168
0.008533
0.009149
0.008783
0.007434
0.006451
0.006297
0.00747
0.007136
0.005692
0.00756
0.006343
0.009714
0.006936
0.007628
0.009703
0.007286
0.007227
0.006507
0.008953
0.006541
0.009199
0.00795
0.008215
0.010956
0.008849
0.008042
0.008725
0.006496
0.011475
0.006752
0.008136
0.006532
0.006641
0.006955
0.006566
0.009962
0.008966
0.00889
0.006866
0.009201
0.007268
0.005975
0.007756
0.005517
0.005869
0.005001
0.005071
0.00843
0.004632
0.007759
0.004861
0.004355
0.007212
0.0058
0.005857
0.007114
0.007348
0.007118
0.007891
0.004049
0.005247
0.003724
0.005201
0.005097
0.006996
0.00538
0.006866
0.00606
0.005137
0.005847
0.007486
0.006168
0.005511
0.00729
0.00684
0.004943
0.004094
0.0036
0.00577
0.005676
0.004822
0.003823
0.003342
0.004413
0.005207
0.003244
0.005801
0.003127
0.00368
0.003307
0.004281
0.002978
0.003101
0.003513
0.004779
0.004204
0.003074
0.004321
0.005841
0.005173
0.003258
0.003449
0.003315
0.003083
0.003261
0.003262
0.003101
0.005236
0.004974
0.004931
0.004481
0.003164
0.004106
0.005193
0.004566
0.004636
0.004895
0.003142
0.00426
0.005207
0.00457
0.005532
0.004218
0.003051
0.005448
0.003142
0.003307
0.00357
0.004661
0.006788
0.006198
0.005146
0.006287
0.003384
0.003643
0.005244
0.00372
0.003664
0.006671
0.006471
0.00733
0.007106
0.003757
0.006914
0.003895
0.005903
0.004395
0.004342
0.004228
0.004308
0.007995
0.004296
0.005989
0.004483
0.005843
0.004569
0.008937
0.008901
0.004905
0.004654
0.006021
0.007014
0.006542
0.004737
0.005198
0.004934
0.004663
0.004791
0.004917
0.007668
0.009019
0.008056
0.006864
0.004546
0.007911
0.004816
0.004604
0.005026
0.007992
0.004595
0.004664
0.006254
0.004918
0.007647
0.005405
0.008736
0.008626
0.008789
0.006786
0.006755
0.005677
0.0053
0.008521
0.006751
0.006501
0.004376
0.004828
0.006107
0.006994
