0.001172
0.001071
0.000849
0.000883
0.000916
0.00084
0.000793
0.000867
0.000902
0.000921
0.000843
0.001014
0.001085
0.001014
0.000906
0.001046
0.000844
0.000761
0.000786
0.000949
0.000842
0.0009
0.000791
0.00081
0.000898
0.000797
0.000888
0.000955
0.000945
0.000923
0.000876
0.000905
0.001056
0.001073
0.00097
0.000975
0.001012
0.000947
0.000918
0.001001
0.00098
0.001044
0.000814
0.001115
0.001062
0.000929
0.001078
0.001314
0.00089
0.000921
0.001016
0.000912
0.001043
0.000953
0.001016
0.000981
0.00109
0.000947
0.000933
0.001074
0.001036
0.001031
0.000992
0.000989
0.001573
0.001036
0.000976
0.000972
0.00101
0.001066
0.001066
0.001064
0.001442
0.001109
0.001158
0.001037
0.001079
0.001235
0.001222
0.00118
0.001036
0.001111
0.001227
0.001239
0.001186
0.002463
0.001064
0.000993
0.00099
0.001031
0.001037
0.000994
0.001663
0.001042
0.001041
0.000911
0.000883
0.001047
0.000814
0.000879
0.000931
0.00088
0.000919
0.001085
0.000855
0.000879
0.001003
0.000945
0.002191
0.000977
0.000962
0.000807
0.00108
0.00086
0.000939
0.000819
0.000786
0.000967
0.00133
0.00086
0.000792
0.000848
0.00085
0.000836
0.000877
0.000893
0.000914
0.001161
0.000847
0.000941
0.000841
0.000945
0.000948
0.000913
0.000887
0.000811
0.000801
0.000748
0.000776
0.00088
0.000992
0.000983
0.001077
0.001083
0.001149
0.001325
0.00117
0.00098
0.00137
0.001005
0.000931
0.001062
0.000896
0.001034
0.001032
0.000957
0.000939
0.00095
0.001073
0.001053
0.00113
0.001078
0.001263
0.001054
0.001208
0.000963
0.000931
0.000986
0.001021
0.001038
0.000928
0.000974
0.000977
0.001126
0.000998
0.000977
0.00124
0.001003
0.001099
0.000994
0.001062
0.001072
0.001159
0.001015
0.0015
0.000944
0.00099
0.001006
0.001117
0.000952
0.000903
0.001123
0.000896
0.000942
0.000974
0.001021
0.000977
0.000995
0.001005
0.00097
0.000929
0.000981
0.000977
0.000936
0.001051
0.000907
0.000983
0.000983
0.000955
0.001078
0.001045
0.000972
0.000928
0.000887
0.000841
0.000834
0.001066
0.000932
0.000959
0.000913
0.000953
0.000942
0.00095
0.000846
0.000872
0.000891
0.00092
0.000826
0.000857
0.000787
0.000903
0.000927
0.000897
0.001006
0.00091
0.000829
0.000944
0.000929
0.000838
0.00086
0.000838
0.00087
0.000873
0.000939
0.000874
0.000928
0.001772
0.002096
0.001475
0.000915
0.000866
0.001823
0.00173
0.001509
0.001338
0.001686
0.001005
0.001785
0.001676
0.000887
0.002043
0.002158
0.000979
0.000935
0.002064
0.000864
0.001536
0.001889
0.00077
0.000903
0.001708
0.001785
0.00121
0.00096
0.001951
0.001014
0.00171
0.001955
0.001661
0.001862
0.001037
0.001948
0.000985
0.000957
0.000977
0.000959
0.000936
0.001858
0.00089
0.001389
0.000884
0.001387
0.000899
0.001399
0.001656
0.000927
0.0014
0.001548
0.001476
0.002208
0.001839
0.002236
0.001917
0.001715
0.002192
0.001816
0.001481
0.001411
0.001049
0.001413
0.001902
0.000876
0.001815
0.001301
0.001786
0.000966
0.001458
0.001816
0.001601
0.001784
0.001723
0.0009
0.001274
0.001568
0.00181
0.000871
0.001646
0.001513
0.000855
0.001654
0.000829
0.001608
0.001989
0.001272
0.000755
0.000796
0.001569
0.001113
0.001454
0.001188
0.001147
0.001304
0.001239
0.000849
0.001949
0.001309
0.001534
0.001208
0.001542
0.001584
0.000773
0.001494
0.000766
0.001442
0.001224
0.001523
0.001158
0.001674
0.000821
0.002098
0.00123
0.001419
0.000806
0.001265
0.001289
0.001647
0.001449
0.001472
0.002097
0.001302
0.001293
0.001415
0.000842
0.001022
0.002236
0.002248
0.00186
0.001318
0.00179
0.001715
0.001878
0.000915
0.001796
0.001257
0.000959
0.001995
0.000968
0.001853
0.001716
0.002318
0.002124
0.002127
0.00263
0.001122
0.001864
0.0023
0.002387
0.001468
0.001833
0.001342
0.002938
0.002991
0.002147
0.00211
0.002848
0.002691
0.003379
0.002276
0.002651
0.003021
0.001705
0.002666
0.003466
0.003124
0.003516
0.003704
0.003192
0.004112
0.003451
0.003721
0.004775
0.00218
0.003237
0.004095
0.00376
0.004042
0.004029
0.003796
0.003407
0.00345
0.00422
0.003771
0.0037
0.004328
0.00279
0.004876
0.004103
0.00381
0.002451
0.002461
0.004369
0.004297
0.005378
0.005432
0.003461
0.004131
0.003491
0.002497
0.002636
0.005425
0.003123
0.003074
0.004806
0.006095
0.003263
0.00667
0.00625
0.003183
0.00631
0.006256
0.00552
0.004778
0.005466
0.003125
0.004345
0.006159
0.005317
0.005538
0.005109
0.006243
0.005555
0.004928
0.003236
0.005794
0.003252
0.005432
0.005705
0.00529
0.005295
0.005919
0.005213
0.004464
0.002896
0.002994
0.002943
0.004828
0.004744
0.004582
0.002543
0.004681
0.005484
0.003096
0.004234
0.003658
0.004733
0.003399
0.002431
0.002481
0.004386
0.004963
0.003637
0.003449
0.002482
0.002461
0.002388
0.003689
0.003481
0.002455
0.004751
0.004448
0.003916
0.002405
0.002393
0.003546
0.004387
0.00469
0.004473
0.00397
0.00389
0.00486
0.004596
0.004453
0.005761
0.004813
0.004736
0.003913
0.003944
0.004243
0.004211
0.002571
0.004161
0.00238
0.005144
0.00493
0.00355
0.002527
0.002408
0.002892
0.004372
0.003597
0.004105
0.003345
0.002687
0.00249
0.002462
0.004008
0.004275
0.003882
0.004386
0.002621
0.004841
0.003457
0.004156
0.004087
0.004212
0.004203
0.004029
0.004603
0.002545
0.004087
0.005247
0.005568
0.004102
0.002632
0.003898
0.002645
0.004462
0.004598
0.00283
0.002744
0.004591
0.002597
0.004165
0.004382
0.003775
0.004212
0.002839
0.002962
0.005101
0.003447
0.002942
0.004839
0.002885
0.002799
0.005007
0.002981
0.002853
0.003693
0.004233
0.004133
0.004613
0.002662
0.004983
0.002599
0.005364
0.003291
0.004944
0.006366
0.004458
0.003458
0.00639
0.004159
0.005641
0.004877
0.003972
0.006373
0.006853
0.007505
0.006671
0.006468
0.006824
0.005594
0.007082
0.007645
0.007508
0.005493
0.005867
0.006607
0.004615
0.004422
0.006973
0.004832
0.005479
0.009114
0.007337
0.004972
0.007746
0.008179
0.008278
0.00847
0.007852
0.006586
0.0077
0.004657
0.008043
0.00769
0.0085
0.007197
0.00524
0.007592
0.005621
0.007208
0.007498
0.005924
0.004273
0.004559
0.006704
0.007792
0.006743
0.00425
0.007028
0.007733
0.007161
0.00689
0.005768
0.006545
0.005676
0.005776
0.004215
0.006915
0.004316
0.00416
0.004265
0.005722
0.004506
0.005122
0.0044
0.004102
0.004187
0.006738
0.005251
0.004173
0.006423
0.004149
0.004156
0.006474
0.006762
0.00759
0.004407
0.007034
0.006989
0.007378
0.007129
0.006795
0.004467
0.00461
0.008621
0.006972
0.004787
0.005787
0.004435
0.00436
0.005196
0.006676
0.00566
0.006836
0.007533
0.006589
0.00424
0.004655
0.007733
0.004511
0.004318
0.006698
0.00455
0.005231
0.00671
0.007201
0.006363
0.005924
0.006648
0.004484
0.007953
0.004533
0.004639
0.00503
0.007336
0.006579
0.00437
0.006399
0.007755
0.004634
0.004584
0.004544
0.008257
0.006921
0.008544
0.00589
0.00472
0.007307
0.004674
0.006454
0.006272
0.00459
0.007744
0.0046
0.004956
0.004482
0.007572
0.008014
0.006787
0.008602
0.005737
0.004785
0.004745
0.008716
0.008816
0.005103
0.00549
0.007069
0.007369
0.007708
0.007374
0.007435
0.008973
0.005023
0.005711
0.005106
0.005069
0.004543
0.004567
0.007298
0.007931
0.004836
0.007775
0.005894
0.007863
0.00586
0.007122
0.008547
0.008825
0.005305
0.007212
0.008385
0.008699
0.009551
0.004847
0.007738
0.004963
0.004761
0.004998
0.004748
0.006738
0.007893
0.008706
0.009035
0.005959
0.006015
0.00965
0.004865
0.006271
0.008411
0.00501
0.008359
0.006354
0.006451
0.005026
0.006829
0.006821
0.005261
0.00498
0.006568
0.008219
0.006344
0.00608
0.005065
0.006441
0.006734
0.007711
0.006894
0.006548
0.005317
0.008284
0.005914
0.006604
0.005221
0.007356
0.006251
0.006158
0.006229
0.008559
0.006625
0.005149
0.004763
0.006695
0.007578
0.007689
0.004838
0.005546
0.007385
0.006125
0.008789
0.007858
0.007963
0.008688
0.005227
0.007495
0.004845
0.006376
0.007626
0.004605
0.007567
0.004888
0.006104
0.004593
0.007594
0.006738
0.006399
0.006072
0.004604
0.00642
0.008059
0.004535
0.007969
0.004874
0.006441
0.004798
0.006037
0.007518
0.007205
0.00465
0.005596
0.004415
0.006087
0.004551
0.00462
0.008359
0.008783
0.006892
0.006511
0.004566
0.00794
0.007895
0.005628
0.004435
0.007114
0.005518
0.005566
0.004279
0.004361
0.00437
0.00758
0.006522
0.005707
0.004274
0.006806
0.005986
0.004428
0.005906
0.004351
0.00853
0.004371
0.00606
0.005621
0.005931
0.005403
0.007679
0.004163
0.00423
0.004454
0.007225
0.004029
0.005206
0.007169
0.005905
0.007806
0.004866
0.007508
0.004451
0.004606
0.007047
0.008103
0.007221
0.004072
0.007724
0.009254
0.009629
0.005089
0.006262
0.006601
0.006128
0.005288
0.004294
0.004278
0.005674
0.005156
0.003864
0.005715
0.004282
0.006687
0.004585
0.005481
0.007015
0.005234
0.005218
0.004043
0.006478
0.004165
0.006597
0.005787
0.005919
0.007888
0.006559
0.005947
0.006764
0.004402
0.008577
0.004685
0.006192
0.004187
0.004347
0.005262
0.004236
0.00678
0.006484
0.006354
0.004834
0.006891
0.005126
0.004099
0.005212
0.00356
0.003241
0.003097
0.003121
0.005587
0.002837
0.005038
0.00299
0.002721
0.004637
0.003812
0.003703
0.004302
0.004862
0.00477
0.005203
0.002453
0.003339
0.002324
0.003331
0.003371
0.004623
0.003468
0.004298
0.003774
0.003194
0.003675
0.005001
0.003814
0.003441
0.004614
0.004142
0.003136
0.002668
0.002204
0.003506
0.003382
0.003007
0.002285
0.002051
0.002847
0.003115
0.001798
0.004225
0.001919
0.002256
0.001903
0.002496
0.001679
0.001766
0.002167
0.002918
0.00251
0.001706
0.002509
0.003522
0.003324
0.001901
0.002236
0.001842
0.001811
0.001816
0.001819
0.001777
0.003182
0.00297
0.002849
0.002703
0.001762
0.002407
0.002926
0.002798
0.002752
0.002957
0.001865
0.002671
0.003239
0.00282
0.003258
0.002535
0.001746
0.003247
0.001784
0.001885
0.002171
0.002742
0.004287
0.003905
0.003024
0.003762
0.002005
0.002076
0.003256
0.002079
0.002295
0.004366
0.00404
0.004679
0.00466
0.002337
0.004257
0.0024
0.003827
0.002755
0.00273
0.002567
0.002646
0.005155
0.002616
0.003992
0.002778
0.003864
0.002821
0.006352
0.00606
0.002987
0.002947
0.003362
0.004857
0.004633
0.003011
0.003135
0.003132
0.002905
0.002986
0.003169
0.005236
0.005792
0.005209
0.004556
0.002847
0.005311
0.003063
0.002924
0.002976
0.005341
0.002947
0.003072
0.004372
0.002985
0.005199
0.003446
0.006381
0.00599
0.006082
0.004645
0.004487
0.003876
0.003265
0.005838
0.005086
0.004249
0.002718
0.002944
0.004044
0.004797
