0.005957
0.005697
0.006291
0.003389
0.004057
0.004677
0.002986
0.00574
0.004205
0.003007
0.003258
0.004798
0.004081
0.004423
0.004353
0.004953
0.003678
0.004581
0.005154
0.004927
0.005076
0.004411
0.00515
0.004077
0.004823
0.005363
0.00284
0.003274
0.002969
0.002753
0.006175
0.003094
0.005431
0.005184
0.005752
0.005024
0.00583
0.006045
0.004786
0.005962
0.004872
0.004552
0.005525
0.005013
0.005398
0.005258
0.005027
0.005246
0.00615
0.004653
0.005475
0.005914
0.006099
0.005863
0.005973
0.005114
0.00436
0.006058
0.00486
0.005278
0.004731
0.005026
0.005309
0.006144
0.003468
0.005153
0.005956
0.005888
0.00528
0.005775
0.005212
0.006225
0.003001
0.005355
0.006043
0.004423
0.004943
0.005376
0.003568
0.005172
0.005262
0.005278
0.005657
0.003282
0.006487
0.006537
0.004574
0.005467
0.005838
0.003106
0.005111
0.006279
0.005762
0.00489
0.005132
0.006116
0.004337
0.005648
0.005733
0.006853
0.005177
0.006322
0.003541
0.006552
0.006754
0.006694
0.00512
0.005068
0.006068
0.007105
0.006287
0.006573
0.006432
0.00458
0.006015
0.006105
0.007356
0.004494
0.007156
0.005317
0.005559
0.007299
0.006942
0.007462
0.007233
0.00655
0.007305
0.006467
0.006391
0.006772
0.006643
0.006293
0.006625
0.006888
0.006662
0.005562
0.006489
0.00433
0.007031
0.00606
0.004519
0.007491
0.007621
0.004882
0.004631
0.008053
0.005386
0.004092
0.006464
0.00414
0.007499
0.008286
0.007647
0.006957
0.008015
0.006278
0.006971
0.007262
0.006875
0.004083
0.004092
0.004938
0.006697
0.00666
0.00663
0.006862
0.00767
0.006294
0.00689
0.007119
0.006048
0.007711
0.006374
0.004685
0.004326
0.008389
0.004857
0.005741
0.007454
0.006007
0.007041
0.008103
0.006415
0.006663
0.006985
0.007221
0.00641
0.006498
0.005584
0.008336
0.006263
0.008358
0.004373
0.006785
0.007234
0.007563
0.008699
0.007436
0.007775
0.008712
0.008578
0.008219
0.008607
0.006367
0.008774
0.008386
0.006215
0.00786
0.006588
0.008529
0.009346
0.009091
0.005793
0.008409
0.008035
0.00881
0.00681
0.007729
0.009025
0.005877
0.007619
0.009108
0.006357
0.007129
0.006209
0.007553
0.008924
0.006634
0.008709
0.008904
0.00887
0.008933
0.007953
0.007946
0.007934
0.00595
0.004964
0.00721
0.007461
0.008617
0.00768
0.008471
0.007486
0.0075
0.005441
0.008194
0.007189
0.008028
0.007749
0.007702
0.006634
0.004383
0.006582
0.007273
0.007645
0.007076
0.005764
0.007077
0.007243
0.004876
0.006575
0.006263
0.006979
0.006131
0.005181
0.005049
0.003374
0.00585
0.004063
0.00549
0.004739
0.00539
0.005488
0.005506
0.005265
0.005887
0.007034
0.004738
0.003264
0.005807
0.004732
0.004852
0.00365
0.005026
0.005654
0.00391
0.02029
0.003533
0.00342
0.003344
0.003333
0.003435
0.006518
0.006656
0.00389
0.004747
0.005767
0.006471
0.005434
0.005829
0.00586
0.003915
0.003511
0.006135
0.003701
0.005744
0.005725
0.0074
0.006208
0.005422
0.004578
0.005842
0.003892
0.006308
0.006044
0.003717
0.00533
0.005674
0.007082
0.005462
0.006412
0.006492
0.007166
0.006576
0.003784
0.005166
0.005632
0.005334
0.005207
0.003579
0.005188
0.005243
0.005878
0.005839
0.006192
0.007295
0.005315
0.006915
0.006585
0.006376
0.003947
0.005541
0.006228
0.006558
0.006683
0.005528
0.006039
0.007955
0.007836
0.007721
0.008408
0.006827
0.00655
0.004266
0.004483
0.005027
0.006219
0.005343
0.006
0.009133
0.009537
0.005206
0.007064
0.009095
0.007072
0.007548
0.010437
0.008711
0.009177
0.011343
0.011149
0.010569
0.009846
0.009772
0.00879
0.010147
0.011303
0.007427
0.010256
0.00841
0.010491
0.00991
0.007849
0.009494
0.012083
0.011765
0.01166
0.012032
0.009291
0.008606
0.007755
0.011384
0.009788
0.008281
0.010113
0.006591
0.008322
0.008045
0.011916
0.006833
0.008758
0.00998
0.007258
0.007938
0.011446
0.010968
0.010038
0.008642
0.007985
0.010697
0.009187
0.010636
0.008431
0.010153
0.007309
0.009178
0.009973
0.005896
0.010082
0.008886
0.008513
0.008891
0.009521
0.009593
0.005851
0.008913
0.006822
0.006074
0.00837
0.008818
0.011231
0.005938
0.006086
0.010584
0.006156
0.011129
0.010739
0.010769
0.006712
0.007475
0.009427
0.010476
0.009236
0.011767
0.011488
0.007675
0.007934
0.011332
0.011974
0.010685
0.008633
0.010382
0.007932
0.009769
0.009609
0.01069
0.009981
0.010314
0.008963
0.012891
0.01302
0.009489
0.01069
0.011552
0.012613
0.012871
0.010784
0.011992
0.010564
0.011876
0.010733
0.011876
0.011868
0.013263
0.008931
0.01246
0.010743
0.01372
0.013627
0.011252
0.01505
0.013382
0.009948
0.013512
0.015279
0.012821
0.015603
0.012285
0.014579
0.012953
0.012615
0.015367
0.013668
0.011564
0.014387
0.013098
0.01311
0.014302
0.012526
0.016452
0.017804
0.012389
0.013169
0.014588
0.018855
0.015751
0.01871
0.018644
0.017717
0.018081
0.016944
0.017379
0.018535
0.015716
0.016176
0.016265
0.018567
0.016344
0.015534
0.015171
0.018205
0.0145
0.017238
0.014172
0.01686
0.017521
0.016334
0.016874
0.019062
0.014949
0.014318
0.015918
0.013913
0.019336
0.016792
0.018361
0.016027
0.018891
0.019077
0.016002
0.017988
0.019745
0.018179
0.01611
0.01987
0.017911
0.016364
0.018203
0.018207
0.015322
0.0191
0.019905
0.017714
0.016423
0.019153
0.019578
0.016797
0.019415
0.019729
0.015286
0.019656
0.016743
0.018401
0.02059
0.019314
0.019356
0.018655
0.0188
0.01985
0.016835
0.021417
0.020309
0.016651
0.020072
0.02132
0.016329
0.018727
0.019826
0.018248
0.017087
0.014833
0.016123
0.015906
0.020057
0.015618
0.018204
0.015853
0.019628
0.017302
0.019664
0.018092
0.019252
0.015027
0.014587
0.016979
0.018965
0.018237
0.017452
0.019874
0.016411
0.015244
0.018675
0.018389
0.017415
0.019277
0.018493
0.017279
0.016788
0.016087
0.019164
0.016848
0.015334
0.014175
0.016795
0.019325
0.017194
0.019253
0.016136
0.017845
0.018884
0.018528
0.017434
0.01691
0.018079
0.01846
0.016002
0.016179
0.016231
0.017242
0.018044
0.015766
0.015204
0.018325
0.018469
0.014458
0.017335
0.017302
0.016277
0.016031
0.017329
0.01754
0.013841
0.017025
0.016041
0.015891
0.017235
0.015092
0.015546
0.014004
0.014775
0.015918
0.013898
0.011803
0.016092
0.014575
0.016438
0.015547
0.013892
0.013618
0.01448
0.015963
0.012181
0.013889
0.014149
0.014114
0.015699
0.010522
0.014108
0.010579
0.014026
0.011583
0.012965
0.015539
0.013783
0.014107
0.010191
0.011838
0.010733
0.014556
0.015219
0.01532
0.013864
0.011212
0.01395
0.012719
0.015505
0.014886
0.011687
0.011522
0.012518
0.014348
0.012468
0.01435
0.014049
0.010503
0.01703
0.014322
0.014555
0.014367
0.0139
0.011154
0.016059
0.014309
0.014438
0.01412
0.016643
0.011423
0.013321
0.01604
0.015547
0.017517
0.015167
0.011554
0.014585
0.015042
0.017167
0.014817
0.013359
0.016539
0.013976
0.014037
0.014169
0.015218
0.012885
0.015162
0.014425
0.016134
0.014426
0.014624
0.014056
0.011961
0.015492
0.012565
0.012647
0.012425
0.015757
0.015544
0.014894
0.016182
0.01268
0.015762
0.01339
0.014376
0.015639
0.013624
0.014545
0.015803
0.015344
0.014238
0.01357
0.012148
0.013366
0.010215
0.01078
0.014731
0.015407
0.013396
0.015693
0.013534
0.013539
0.012316
0.012092
0.013784
0.012665
0.014019
0.015173
0.01243
0.015018
0.012428
0.014691
0.01369
0.01065
0.012035
0.01478
0.014556
0.011778
0.014717
0.013458
0.015172
0.013658
0.014614
0.014529
0.014845
0.011176
0.012909
0.013666
0.011185
0.012865
0.011921
0.011191
0.012932
0.012824
0.01468
0.013999
0.010843
0.015
0.012182
0.014675
0.010888
0.012335
0.013878
0.011129
0.012628
0.014779
0.010782
0.012396
0.009496
0.012522
0.012777
0.012826
0.013073
0.013234
0.014029
0.010916
0.012922
0.014232
0.014261
0.013112
0.012782
0.01306
0.009979
0.009038
0.010672
0.012093
0.012075
0.011547
0.01423
0.012255
0.011781
0.012931
0.012556
0.00977
0.012214
0.011263
0.009791
0.011948
0.013404
0.010124
0.011021
0.013641
0.010859
0.012687
0.012603
0.013562
0.01228
0.012854
0.012278
0.012455
0.012888
0.012261
0.011083
0.009098
0.014084
0.009369
0.012299
0.013145
0.012182
0.012367
0.010283
0.016607
0.011207
0.010711
0.010752
0.01162
0.009712
0.013348
0.014563
0.013842
