0.003554
0.003465
0.005104
0.002831
0.005619
0.003557
0.004912
0.004402
0.006315
0.003074
0.00324
0.006572
0.003758
0.003865
0.003486
0.003117
0.003727
0.00339
0.005627
0.004916
0.005595
0.003305
0.004803
0.005208
0.005001
0.005878
0.005866
0.005199
0.005811
0.003199
0.003793
0.006542
0.00369
0.004217
0.003277
0.003449
0.003466
0.005191
0.003688
0.003214
0.005199
0.004999
0.004754
0.006701
0.003541
0.003532
0.003535
0.003442
0.004382
0.003336
0.004301
0.004654
0.005903
0.006142
0.004878
0.003715
0.00482
0.003293
0.003424
0.003521
0.003954
0.006608
0.006273
0.004165
0.005102
0.006512
0.00705
0.006391
0.003588
0.003819
0.0071
0.00396
0.005364
0.004716
0.003887
0.003611
0.003777
0.00538
0.006317
0.007422
0.005214
0.005323
0.004453
0.007307
0.00634
0.005391
0.006267
0.006051
0.006746
0.006339
0.00354
0.006279
0.003486
0.006272
0.005625
0.004082
0.006366
0.005819
0.004151
0.005743
0.006356
0.006687
0.004939
0.004709
0.003283
0.005199
0.005744
0.003157
0.006375
0.005166
0.006437
0.004737
0.004688
0.00571
0.004613
0.004276
0.004638
0.005183
0.005113
0.005207
0.002755
0.006182
0.005115
0.005402
0.00344
0.003448
0.004898
0.004488
0.005187
0.005584
0.005421
0.005265
0.005683
0.006516
0.004536
0.006104
0.004469
0.004358
0.005958
0.005035
0.005468
0.005656
0.004883
0.006786
0.006639
0.006092
0.006993
0.006796
0.004196
0.005741
0.005686
0.007005
0.005712
0.005728
0.006648
0.006727
0.006704
0.00663
0.007032
0.00685
0.005871
0.006172
0.006565
0.006344
0.004186
0.005401
0.005852
0.006188
0.006162
0.006492
0.005809
0.00325
0.003326
0.006282
0.003057
0.004802
0.003953
0.003367
0.003433
0.006407
0.005325
0.005205
0.003341
0.004775
0.003827
0.003446
0.003466
0.005916
0.005495
0.003501
0.003305
0.005485
0.005359
0.00491
0.006757
0.003802
0.005827
0.006372
0.005696
0.004958
0.005507
0.004772
0.003083
0.004774
0.005177
0.006521
0.006495
0.006905
0.005756
0.003483
0.003508
0.003397
0.003812
0.005698
0.004759
0.004612
0.0032
0.003693
0.006732
0.005625
0.006462
0.004674
0.00326
0.004958
0.006012
0.00621
0.005285
0.005084
0.005147
0.005129
0.005158
0.003012
0.004661
0.00502
0.006056
0.004775
0.005557
0.003337
0.004775
0.004978
0.006497
0.005846
0.005324
0.005567
0.00352
0.003141
0.003269
0.004713
0.006217
0.004749
0.006139
0.005924
0.004879
0.003758
0.00603
0.00327
0.005807
0.004481
0.004613
0.003186
0.004131
0.005652
0.006012
0.004538
0.006295
0.003243
0.005279
0.003229
0.006231
0.003379
0.006599
0.003357
0.005187
0.003284
0.005668
0.006565
0.005413
0.007048
0.005875
0.006579
0.006467
0.004062
0.004987
0.00597
0.006782
0.006056
0.006658
0.00661
0.005855
0.004441
0.005425
0.00427
0.00445
0.004471
0.005546
0.006118
0.005046
0.006846
0.00704
0.007028
0.005744
0.005556
0.006857
0.004994
0.003309
0.004218
0.005323
0.006708
0.007224
0.005852
0.006652
0.005974
0.0066
0.00429
0.007771
0.006544
0.006604
0.006251
0.003324
0.005478
0.005096
0.004638
0.002771
0.00491
0.006298
0.00633
0.005219
0.004399
0.004347
0.005006
0.005672
0.00554
0.005197
0.004359
0.005175
0.002608
0.004647
0.004717
0.003523
0.005306
0.005128
0.005349
0.002683
0.004846
0.005516
0.005022
0.004423
0.005159
0.004758
0.005394
0.005603
0.00584
0.004231
0.005491
0.00385
0.005206
0.005397
0.004873
0.006052
0.005058
0.004158
0.003064
0.005895
0.004824
0.005583
0.005894
0.003037
0.005822
0.003087
0.003255
0.006551
0.005246
0.004194
0.003553
0.0062
0.006483
0.004812
0.005592
0.005799
0.006099
0.006752
0.005458
0.006634
0.006577
0.006525
0.006564
0.006551
0.006753
0.006037
0.007213
0.005777
0.005954
0.007854
0.005074
0.004556
0.007841
0.00827
0.009763
0.008399
0.008469
0.007703
0.009896
0.010271
0.008923
0.010996
0.006493
0.006365
0.006472
0.006826
0.008004
0.007715
0.010402
0.012195
0.013469
0.013806
0.01284
0.008918
0.012046
0.01363
0.013106
0.014232
0.014078
0.01419
0.014786
0.015221
0.014859
0.014166
0.014344
0.013114
0.014786
0.011633
0.01289
0.015184
0.015408
0.015247
0.01555
0.014163
0.013893
0.011066
0.01593
0.016041
0.014616
0.014093
0.012727
0.014176
0.015416
0.014203
0.011735
0.011978
0.016013
0.017701
0.013243
0.015003
0.016838
0.014389
0.016998
0.017901
0.018561
0.017906
0.017806
0.015271
0.014059
0.013851
0.013807
0.014565
0.017576
0.019168
0.017945
0.018881
0.018783
0.019015
0.019761
0.018561
0.017831
0.013866
0.013219
0.017626
0.01835
0.014227
0.01313
0.018382
0.013798
0.016201
0.01742
0.014868
0.015816
0.01496
0.016062
0.014594
0.016174
0.014456
0.016272
0.015632
0.010794
0.011214
0.011015
0.012067
0.014108
0.01523
0.01399
0.012197
0.014239
0.0139
0.012197
0.013903
0.010621
0.015562
0.015511
0.013156
0.015239
0.014153
0.015286
0.014967
0.013677
0.013353
0.013727
0.011874
0.014217
0.0134
0.010197
0.01491
0.009652
0.011412
0.012548
0.014493
0.013783
0.012786
0.014585
0.015387
0.010043
0.010165
0.012222
0.00972
0.014774
0.009862
0.009796
0.013337
0.013618
0.014399
0.013369
0.014828
0.009758
0.009606
0.011696
0.010485
0.013312
0.009734
0.013163
0.010726
0.010139
0.013394
0.012211
0.014718
0.009507
0.011085
0.014998
0.015664
0.010319
0.010832
0.016145
0.015729
0.014628
0.010825
0.01581
0.013762
0.010383
0.014515
0.015821
0.011861
0.011589
0.010944
0.013806
0.013949
0.013766
0.014851
0.01677
0.01495
0.016446
0.013038
0.017184
0.014708
0.015675
0.015446
0.016334
0.016274
0.010107
0.012825
0.014141
0.015258
0.016847
0.010953
0.016402
0.011746
0.016778
0.012341
0.015793
0.016511
0.014426
0.017074
0.013904
0.018301
0.013755
0.015662
0.020131
0.015318
0.019062
0.021519
0.020059
0.022278
0.023483
0.023351
0.019289
0.022557
0.023535
0.020877
0.019298
0.019887
0.021316
0.019614
0.020304
0.024123
0.021999
0.025383
0.022676
0.024659
0.020273
0.025096
0.026872
0.021103
0.020237
0.020039
0.020253
0.024082
0.026287
0.021021
0.022179
0.021722
0.023953
0.020425
0.023156
0.021642
0.022969
0.026317
0.02323
0.024059
0.024331
0.026472
0.021944
0.01939
0.01875
0.017855
0.020995
0.020639
0.02438
0.0198
0.019471
0.022771
0.017709
0.023682
0.017269
0.019356
0.023283
0.018789
0.022136
0.022362
0.022774
0.021516
0.018412
0.019382
0.017403
0.017488
0.021561
0.022591
0.021354
0.021863
0.023707
0.020501
0.023932
0.019607
0.02041
0.018791
0.018575
0.019705
0.019901
0.02475
0.019169
0.022006
0.025641
0.021835
0.01999
0.018884
0.019218
0.019918
0.023714
0.02021
0.02224
0.021906
0.018957
0.019611
0.020003
0.01953
0.024074
0.01955
0.019554
0.025341
0.019518
0.023188
0.02017
0.019301
0.019405
0.024581
0.024887
0.024029
0.020135
0.022834
0.020061
0.02545
0.024989
0.023593
0.023693
0.025109
0.020543
0.023234
0.025557
0.021179
0.02203
0.022167
0.023587
0.023056
0.020765
0.020031
0.02214
0.022511
0.02574
0.02573
0.024273
0.021369
0.025274
0.026121
0.020641
0.026188
0.023354
0.026218
0.026684
0.022029
0.024616
0.021497
0.021806
0.025466
0.026585
0.026415
0.022047
0.025072
0.024812
0.022624
0.025839
0.026361
0.023362
0.028386
0.025585
0.025293
0.026831
0.029897
0.02554
0.024595
0.026784
0.02198
0.026521
0.022011
0.027449
0.026245
0.028373
0.027344
0.025533
0.025496
0.023382
0.023484
0.026468
0.022902
0.024771
0.023149
0.022672
0.022942
0.022957
0.022528
0.022405
0.023926
0.02322
0.024203
0.026283
0.024286
0.021913
0.027256
0.024966
0.02182
0.022943
0.02338
0.022738
0.028033
0.027393
0.022906
0.02647
0.025238
0.022414
0.02726
0.022928
0.026968
0.024992
0.027477
0.025715
0.025964
0.026987
0.027029
0.025057
0.026585
0.027529
0.027768
0.024953
0.024955
0.023771
0.025332
0.02607
0.027422
0.025438
0.02728
0.026545
0.025927
0.026294
0.024684
0.025232
0.023973
0.024858
0.026642
0.026863
0.020722
0.025701
0.024772
0.026524
0.025845
0.024366
0.023788
0.025797
0.021412
0.020332
0.021184
0.023241
0.022871
0.024917
0.023483
0.023401
0.026563
0.024817
0.025339
0.027037
0.02622
0.024244
0.025715
0.0251
0.021
0.024377
0.023596
0.02325
0.026966
0.020928
0.019676
0.023414
0.026035
0.022427
0.026032
0.026881
0.026108
0.01994
0.018405
0.021799
0.021253
0.025535
0.021964
0.022494
0.023086
0.022176
0.023373
0.019803
0.019415
0.018785
0.01823
0.019668
0.020682
0.019772
0.02559
0.01898
0.024887
0.02034
0.024648
0.024223
0.020642
0.019765
0.018389
0.019145
0.019435
0.022682
0.020971
0.02388
0.02211
0.018175
0.021732
0.02566
0.025272
0.026235
0.023742
0.024192
0.022779
0.018954
0.021051
0.017747
0.02144
0.017811
0.021842
0.017689
0.020772
0.017739
0.023041
0.01725
0.021106
0.019057
0.018682
0.021891
0.021931
0.016674
0.022583
0.016008
0.022038
0.022242
0.017565
0.016079
0.016715
0.019305
0.020485
0.016977
0.01925
0.019526
0.016087
0.0196
0.022197
0.019889
0.018471
0.021859
0.020132
0.022513
0.019012
0.022417
0.017449
0.017288
0.01768
0.019212
0.016658
0.019838
0.016959
0.021202
0.016439
0.019183
0.019818
0.015113
0.014399
0.013864
0.012686
0.016746
0.014541
0.011814
0.017754
0.010716
0.012621
0.009707
0.010388
0.01288
0.011775
0.014275
0.00997
0.009743
0.013865
0.008316
0.008635
0.014082
0.01273
0.010164
0.011813
0.012713
0.01334
0.01253
0.010943
0.011832
0.014234
0.011677
0.00854
0.013401
0.013508
0.009513
0.013205
0.009858
0.011593
0.008278
0.011421
0.011105
0.008325
0.01108
0.00765
0.011364
0.01152
0.011012
0.010726
0.009932
0.010783
0.007251
0.010293
0.008236
0.007211
0.00687
0.010871
0.010319
0.007039
0.011359
0.008728
0.010898
0.008075
0.011902
0.006999
0.007828
0.01006
0.00785
0.010567
0.011631
0.00723
0.00768
0.008361
0.011127
0.00978
0.007083
0.007705
0.008093
0.007988
0.007203
0.007888
0.007896
0.007473
0.007527
0.007789
0.008021
0.008056
0.00832
0.007866
0.008382
0.008758
0.007872
0.008313
0.009582
0.009603
0.009205
0.011808
0.009579
0.009248
0.009524
0.011089
0.009914
0.01195
0.010892
0.011472
0.010955
0.011897
0.011287
0.011055
0.01119
0.011688
0.011218
0.011718
0.012835
0.013701
0.019934
0.013355
0.013347
0.013973
0.012955
0.012928
0.013024
0.013632
0.013464
0.013024
0.012436
0.012112
0.01357
0.014158
0.01351
0.012989
0.012755
0.013583
0.014157
0.013603
0.013209
0.013145
0.013304
0.013232
0.014639
0.013829
0.014063
0.0133
