0.022549
0.025241
0.022763
0.020939
0.020789
0.018021
0.019383
0.016496
0.016196
0.018958
0.020783
0.014658
0.016722
0.01808
0.01986
0.019217
0.016011
0.016844
0.017591
0.014677
0.017395
0.01557
0.018733
0.016866
0.017637
0.017013
0.013739
0.016068
0.019158
0.017585
0.017043
0.017795
0.019235
0.017084
0.016424
0.016462
0.015716
0.01723
0.017594
0.015438
0.014211
0.019985
0.015474
0.016905
0.017033
0.016026
0.014855
0.014266
0.016011
0.014104
0.01467
0.016503
0.017663
0.016741
0.019284
0.017151
0.017891
0.015157
0.016994
0.015192
0.018531
0.014327
0.018809
0.018864
0.01711
0.016235
0.015268
0.015103
0.014615
0.019437
0.016286
0.014452
0.014616
0.01456
0.017038
0.014876
0.015246
0.018269
0.014513
0.018255
0.016074
0.016901
0.016406
0.015702
0.016467
0.015336
0.015184
0.020113
0.018609
0.019877
0.020398
0.016173
0.016879
0.015854
0.01578
0.020827
0.020568
0.018924
0.020564
0.01938
0.019524
0.018794
0.019694
0.018504
0.02132
0.020726
0.016768
0.021864
0.021915
0.019791
0.016148
0.019878
0.020562
0.018154
0.020029
0.019698
0.018406
0.021538
0.017234
0.016659
0.022149
0.019046
0.020213
0.020033
0.022374
0.017588
0.01781
0.021824
0.02212
0.019394
0.01778
0.022466
0.017706
0.023127
0.0225
0.022867
0.018819
0.01744
0.019533
0.02248
0.019862
0.021498
0.018657
0.019374
0.021193
0.021677
0.01978
0.02288
0.019827
0.018431
0.01806
0.019888
0.022117
0.021301
0.024102
0.020203
0.023381
0.019162
0.018664
0.018271
0.021488
0.020781
0.023576
0.023989
0.021486
0.021097
0.019665
0.022202
0.021842
0.026223
0.019881
0.023269
0.022137
0.023762
0.020119
0.023817
0.025322
0.02041
0.023762
0.023004
0.019121
0.02025
0.024389
0.021744
0.022756
0.020831
0.025306
0.021395
0.020355
0.02241
0.024524
0.023814
0.023243
0.023386
0.021078
0.021092
0.023091
0.020498
0.026461
0.021758
0.021123
0.026166
0.022664
0.026868
0.023052
0.02234
0.020609
0.025959
0.022158
0.021816
0.024799
0.02499
0.023675
0.022158
0.022302
0.026338
0.025661
0.023656
0.024681
0.027765
0.024886
0.023465
0.025911
0.025595
0.025152
0.023228
0.02427
0.022435
0.021615
0.025992
0.023304
0.02373
0.023105
0.022034
0.024616
0.02363
0.02443
0.023297
0.019922
0.023715
0.022809
0.020998
0.025293
0.02269
0.022187
0.020608
0.022472
0.021834
0.022995
0.021655
0.021955
0.023053
0.019013
0.021219
0.01661
0.018204
0.017837
0.018769
0.017817
0.020797
0.021013
0.01919
0.016623
0.016661
0.020003
0.017779
0.019498
0.014189
0.017524
0.014664
0.015172
0.014494
0.016529
0.019409
0.017525
0.014463
0.019698
0.0168
0.019746
0.019019
0.019809
0.021574
0.017899
0.019661
0.017507
0.01767
0.01796
0.016512
0.019695
0.019781
0.016126
0.019026
0.020868
0.015289
0.020664
0.018142
0.021313
0.019207
0.015719
0.019747
0.016949
0.019516
0.021383
0.020171
0.017965
0.021436
0.017124
0.016678
0.020421
0.019728
0.019508
0.022033
0.020375
0.017933
0.02123
0.020716
0.019072
0.02046
0.02139
0.019681
0.018379
0.021493
0.019569
0.016394
0.020155
0.019148
0.019792
0.019078
0.016891
0.015862
0.02093
0.016024
0.018889
0.016686
0.020062
0.019673
0.021699
0.017388
0.018351
0.019281
0.022385
0.022587
0.017762
0.022113
0.022547
0.021055
0.023514
0.021211
0.019253
0.019566
0.023213
0.021923
0.023973
0.021914
0.024536
0.023328
0.023018
0.023088
0.022258
0.026456
0.024366
0.025537
0.0279
0.028827
0.023752
0.0272
0.026253
0.027435
0.027725
0.031152
0.032409
0.030205
0.034473
0.032906
0.02846
0.031741
0.033294
0.029894
0.033544
0.030468
0.033419
0.030354
0.030319
0.031065
0.029979
0.03088
0.031578
0.034864
0.031827
0.030111
0.032106
0.028783
0.029713
0.033381
0.032251
0.03105
0.027138
0.032579
0.030243
0.030301
0.029578
0.029351
0.031004
0.02993
0.026783
0.032635
0.028018
0.027883
0.027607
0.028484
0.0258
0.03034
0.025297
0.025154
0.029093
0.027727
0.027695
0.029131
0.028899
0.026243
0.029955
0.032095
0.024908
0.028244
0.026008
0.029204
0.025632
0.030686
0.027999
0.030213
0.026291
0.027848
0.030129
0.030852
0.031365
0.031851
0.032645
0.029447
0.027608
0.029978
0.028943
0.03385
0.033765
0.032281
0.030988
0.033619
0.029384
0.035869
0.035048
0.032739
0.03173
0.03337
0.03659
0.033095
0.03552
0.035408
0.035508
0.036329
0.033949
0.036275
0.035268
0.037733
0.038933
0.036452
0.03941
0.039187
0.040575
0.037105
0.040399
0.039731
0.038866
0.041248
0.041647
0.03994
0.041157
0.04533
0.041885
0.044541
0.044693
0.045499
0.049211
0.044836
0.047747
0.046315
0.047224
0.0501
0.048332
0.049822
0.054721
0.054295
0.05219
0.055322
0.054956
0.055757
0.053359
0.057813
0.055256
0.058611
0.057713
0.056229
0.05533
0.058629
0.056037
0.06187
0.062704
0.06284
0.05969
0.062504
0.062246
0.061654
0.0594
0.063462
0.060024
0.062348
0.061122
0.063612
0.065534
0.067641
0.066147
0.064857
0.066794
0.068705
0.0661
0.067083
0.065564
0.067974
0.06708
0.064054
0.0654
0.069221
0.069309
0.069133
0.068057
0.070487
0.070067
0.07193
0.071701
0.074572
0.068062
0.069386
0.070302
0.074523
0.071726
0.079293
0.071352
0.07574
0.075664
0.0716
0.071325
0.075857
0.075519
0.07942
0.073096
0.074073
0.068878
0.073982
0.073213
0.073328
0.070071
0.073857
0.070629
0.072621
0.070628
0.074187
0.07615
0.067107
0.071254
0.067044
0.066814
0.069913
0.069491
0.070472
0.065296
0.06723
0.067954
0.064263
0.067556
0.060319
0.062073
0.062353
0.060642
0.054162
0.061882
0.054131
0.056367
0.056789
0.058817
0.058838
0.055756
0.056122
0.054533
0.053286
0.053313
0.051859
0.048906
0.047931
0.052806
0.053713
0.052594
0.052651
0.05165
0.051848
0.048539
0.050319
0.049331
0.050796
0.048098
0.052098
0.049037
0.05228
0.053363
0.050669
0.048644
0.051212
0.051368
0.050901
0.049612
0.053853
0.052565
0.051055
0.0513
0.051919
0.051181
0.049352
0.048159
0.04769
0.050423
0.047851
0.047439
0.052946
0.051732
0.050459
0.049934
0.052746
0.050838
0.048702
0.050253
0.053862
0.051611
0.053343
0.053429
0.052265
0.05299
0.050128
0.052935
0.055779
0.054156
0.051939
0.05875
0.055638
0.054339
0.05156
0.05489
0.052127
0.059358
0.054153
0.051028
0.057267
0.054037
0.052609
0.05073
0.051832
0.052604
0.051878
0.053408
0.050148
0.047827
0.051479
0.050064
0.048653
0.046331
0.047402
0.049671
0.046398
0.0525
0.052247
0.050093
0.051697
0.051102
0.051078
0.048583
0.0495
0.051279
0.047314
0.05066
0.0477
0.047795
0.049601
0.04799
0.04816
0.046655
0.043638
0.045008
0.045151
0.048635
0.043009
0.045082
0.046594
0.045031
0.045127
0.044484
0.047327
0.045689
0.045266
0.045754
0.047572
0.043278
0.043517
0.042438
0.043935
0.044436
0.046395
0.043433
0.04811
0.049238
0.044192
0.046779
0.046539
0.046667
0.043637
0.045342
0.047139
0.045851
0.046306
0.046024
0.04533
0.044419
0.041854
0.045187
0.046137
0.041037
0.045251
0.043427
0.045792
0.046472
0.045291
0.043891
0.040366
0.041763
0.039557
0.044668
0.044793
0.04401
0.041427
0.043158
0.039935
0.042401
0.043257
0.044357
0.041194
0.039506
0.03943
0.041996
0.040019
0.039622
0.044993
0.04285
0.044445
0.043016
0.044286
0.038505
0.039802
0.041687
0.042704
0.043171
0.03969
0.040673
0.041876
0.040516
0.039987
0.041308
0.040901
